0 1 2 3 4 5 6 7 1 1 3 5 8 2 6 1 6 4 1 3 8 5 1 2 6 8 9 10 0 11 12 13 7 14 15 16 4 3 1 2
1 6 3 17 2 4 0 1 8 11 12 18 6 3 10 16 19 20 0 7 12 11 21 4 3 21 5 2 1 0 18 11 4 17 22 23 3 5 0 8 1 14 5 4 1 3 1 2 0 8 10 24 16 9 11 21 12 4 10 22 1 2 1 0 6 5 0 13 11 21 14 17 18 1 3 5 6 2 0 9 16
1 2 10 1 4 0 8 10 16 3 5 0 6 8 20 25 16 1 5 17 12 18 14 7 13 21 4 2 0 11 5 8 7 9 23 12 17 4 2 0 15 3 5 1 8 6 1 4 2 0 14 9 10 17 3 1 25 12 26 27 20 8 5 8 4 2 0 8 3 16 17 21 11 8 7 18
13 4 28 0 21 8 2 6 8 1 5 4 2 3 5 8 6 0 8 19 16 12 10 4 1 2 8 3 6 5 21 8 18 0 13 7 12 14 4 5 2 6 4 6 2 0 1 8 3 5 11 7 9 10 9 12 4 2 9 10 3 13 11 5 8 6 1 0 16 18 4 2 5 8 9 16 3
29 10 8 6 2 1 7 13 17 4 1 2 8 5 9 22 9 16 0 17 11 18 14 1 2 3 6 5 7 8 1 15 18 4 2 12 9 30 31 32 33 15 28 3 11 3 9 16 34 17 18 0
7 0 14 13 21 8 18 4 1 2 0 8 6 3 32 9 10 2 6 16 34 5 21 0 3 11 1 7 13 4 1 0 6 21 9 27 35 3 8 5 6 1 4 1 2 0 5 3 8 6 18 4 2 1 0 8 5 3 21 11 13 7 8 4 2 6 5 1 21 11 3 8 7 8
23 17 14 4 8 1 2 0 7 16 6 3 5 11 13 18 8 14 17 4 2 0 5 36 37 9 1 6 0 21 11 4 1 2 21 11 3 9 10 6 7 8 5 18 14 4 21 8 9 2 4 2 8 1 21 8 23 9 10 9 14 4 1 2 21 3 16 9 20 38 23
4 0 2 1 21 8 3 8 5 23 6 16 0 11 13 18 14 7 17 4 21 0 8 8 25 6 3 5 4 1 2 21 25 6 8 1 22 13 0 5 11 17 18 0 21 6 4 1 5 2 8 8 10 7 11
0 4 1 2 38 9 21 3 6 8 5 17 8 4 0 21 5 16 3 2 1 6 22 8 11 8 7 8 3 25 2 0 2 4 5 1 0 21 3 25 39 31 40 5 3 3 16 0 4 21 11 17 0 4 21 8 2 3 1 8 11 6 17
21 4 2 39 31 31 16 31 41 3 8 11 4 0 21 2 1 4 0 2 1 8 3 16 9 9 6 5 8 21 11 7 4 21 2 0 13 34 9 10 5 21 1 2 8 22 16 3 34 8 7 17 18 4 21 8 31 42 19
10 4 21 2 0 8 4 2 21 0 1 6 8 5 3 11 9 34 1 6 8 22 16 27 11 4 21 2 16 0 6 8 1 9 11 8
4 0 12 43 7 1 12 10 5 7 8 4 21 2 0 6 8
21 4 1 8 3 5 9 18 21 4 2 0 1 44 9 10 21 7 16 45 3 11 34
19 46 11 21 47 23 10 2 0 1 6 8 5 7 21 16 1 22 48 2 1 8 49 5 21 29 50 3 51 0 18 1 1 19 3 8 5 52 3 11 21 11 16 6 2 5 0 1 6 8 34 18 14 51 8 21 4 2 1 6 8 7 1 3 4 2 1 10 9 20 7 6 18 52 8 22 5 3 21 1 1 8 1 0 1 4 21 0 7 6 8 3
17 13 18 1 6 4 2 0 1 8 5 22 51 7 3 34 11 13 7 8 1 1 4 2 0 9 5 3 21 1 2 1 8 5 7 3 9 8 1 8 4 2 1 6 5 10 16 51 53 54 13 11 1 0 26 9 19 21 11 52 4 2
13 21 1 5 4 55 56 57 19 6 8 3 1 21 2 4 1 19 9 6 8 5 0 2 1 8 9 10 8 1 6 8 4 0 5 13 7 1 1 0 4
1 4 2 6 8 7 3 21 22 9 7 3 8 1 5 7 52 21 1 10 9 6 8 8 0 13 1 2 4 6 0 3 1 8 7 51 52 21 13
17 14 11 18 21 4 2 1 51 0 16 34 32 25 17 8 5 7 51 21
18 8 1 4 2 6 8 14 21 0 3 2 10 6 51 52 1 5 7 1 9 0 8 2 6 8 20 16 7 51 52 11 1 0 46 6 4 52 51 21
17 2 3 5 0 8 1 0 8 2 58 19 1 4 6 3 2 5 52 11 18 8 9 22 16 2 52 3 5 8 7 6 1 21 13 1 7 3 32 4 6 51 5 8
1 52 17 1 4 2 59 15 3 51
1 21 12 22 0 52 51 6 5 7 8 11 5 2 21 0 5 51 8 7 52 19
0 21 51 8 1 5 21 7 8 2 4 0 1 3 16 1 6 52 21 8 1 4 25 10 9 19 3 51 16 11 2 0 1 52 6 5 8
52 4 8 60 0 51 1 6 7 52 21 1 2 25 1 3 51 4 0 21 6 8 8 3 20
52 1 3 2 4 1 3 8 6 52
7 2 4 1 8 52 17 1 18 21 1 4 10 61 51 21 1 18 4 2 0 1 22 4 21 3 20 25 8 2 4 51 6 4 10 9 9 1 0 3 22 6 21 8 11 7 1 2 0 1 19 6 13 5
7 6 8 20 22 3 1 62 51 6 21 16 3 8 34 4 2 0 51 3 6 7 21 4 2 34 6 11
7 52 3 9 10 2 0 1 22 3 4 1 18 52 8 6 8 8 52 5 21 2 0 51 3 8 51 9 11 8 17 17 8 18 52 1 4 2 44 8 6 11
7 5 46 4 1 8 19 13 1 25 17 51 3 1 4 2 21 60 16 34 5 22 47 8 1 11 21 17 25
1 0 20 1 3 51 6 19 19 18 21 6 4 0 20 10 19 21 1 52 2 4 1 8 24 24 63 6 17 5 18 10 0 51 21 16 5 13 52 18 52 19 0 1 3 7 14 13 21 17 0 4 3 51 1 6 5 18 11
64 21 4 1 1 8 8 51 19 22 11 21 17 51 51 8 17 8 1 21 34 43 25 3 17 3 65 9 6 18 19 11 16 5
1 8 21 19 17 7 4 6 8 1 8 11 19 21 21 17 22 64 3 51 8 19 21 17 66 8 3 11 1 21 8 21 7 7 11 18 21 7 3 4 19 6 8 8 1 34 19 11 19 4 23 46 21 6
18 11 21 19 17 32 9 51 60 18 1 21 4 1 44 34 6 18 19 67 21 19 21 17 3 21 3 6 7 5 1 8 7 9 20 16 19 51 7 11 17 1 8 8 23 5 1
8 11 21 17 3 10 4 19 21 7 8 8 4 19 18 21 7 51 4 8 21 4 8 20 3 18 4 19 23 29 9 68 62 65 16 17 21 19 11 21 1 18 4 8
21 9 11 8 10 7 3 6 7 21 69 22 5 6 34 9 18 8 23 46 17 40 4 8 5
1 21 9 5 4 51 21 8 9 1 21 51 17 8 9 64 23 21 19 19 51 19 5 6 8 17 8 6 51 51 51 27 70 17 21 4 17 7
18 16 19 17 4 6 71 9 10 51 11 19 21 51 9 8 18 21 19 51 21 46 17 11 18 19 25 21 18 19 21 10 9 8 17 9 1 23 18 19 7 17 46 51 72 1
8 18 21 21 8 8 60 4 5 9 10 19 21 4 51 3 11 21 19 21 3 51 5 8 11 64 8
64 21 21 3 8 4 64 19 18 19
9 19 21 3 21 3 10 34 18 21 19 5 17 64 45 8 11 18 19 8 1 17 34 7 11 6 44 73 3 10 8 6 11 1 7 9 23 7 19 21 19 3
21 19 3 8 6 51 69 46 19 9 21 19 51 65 5 4 19 21 21 51 8 5 6 4 21 46 21 8 6 51 3 7 19 9 10 74 29 16 5 4
17 18 21 21 65 12 75 6 51 4 3 5 8 8 11 18 21 8 6 7 18 17 21 21 3 51 4 5 8 8 7 17 16 19 11 64 21 9 10
76 77 75 7 18 18 76 76 78 19 76 6 79 76 75 18 18 18 74 34 80 75 18 18 1 18 75 7
18 18 18 7 76 6 75 7 18 76 78 6 71 79 76 7 18 18 76 6 71 81 76 75 82 7 76 6 81 9 76 75 16 75 7 18 18 18 76 76 18 18 75 18 18 83 84 82 7 75 18 18 18 74 85 77 75
18 76 76 6 81 18 18 76 6 79 76 75 18 18 18 9 34 82 75 75 47 75 7 18 18 18 7 86 75 82 7 18 18 34 74 76 82 75 82 75 7 18 18 76 75 82
7 18 18 18 76 76 34 7 34 84 76 76 87 75 7 18 18 76 76 6 18 76 6 71 79 81 76 7 18 18 18 18 18 76 76 6 88 79 81 76 75 18 18 18 86 18 18 18 75
76 76 6 82 71 79 76 75 76 18 18 18 76 89 34 76 76 6 81 90 76 76 18 18 18 76 76 6 34 79 76 76 75 34 75 75 7 18 18 18 6 18 18 18
7 18 18 76 6 79 18 18 75 7 18 18 18 76 91 75 7 18 18 18 9 7 82 82 7 18 18 18
7 18 18 76 6 81 76 75 7 18 18 18 76 76 90 76 75 7 18 18 76 76 76 75 18 18 18 18 76 92 6 79 81 90 18 18 75 7 18
18 18 76 76 6 81 76 75 7 76 76 6 81 76 7 18 18 76 71 79 81 90 9 76 82 75 7 82 75 75 18 18 18 16 75
7 18 18 18 6 71 76 75 7 18 18 76 76 6 81 90 76 7 18 18 18 76 76 89 20 76 6 81 90 18 18 76 6 79 81 90 18 82 75 82 18 18 18 75 93
90 76 7 18 18 76 6 81 90 76 94 7 18 18 76 76 76 6 34 19 95 81 76 75 18 18 18 76 76 6 71 79 81 76 76 75 75 7 96 82 18 86 75 7 18 18 7 86 18 82 75
7 18 18 18 76 76 6 81 90 76 93 75 7 18 18 18 91 76 76 81 90 76 7 18 18 18 76 76 6 90 76 75 82 75 7 76 89 75 82 75 7 18 82 75
7 18 18 76 76 6 81 90 75 7
18 43 76 76 6 81 90 76 75 18 18 76 76 18 18 91 15 84 34 94 16 75 82 94 97
18 18 91 76 76 81 90 76 75 7 18 18 91 76 76 82 16 79 90 82 75 16 82 7 18 18 76 6 82 71 75 97 7 18 18 76 6 34 79 81 90 76 98 75 82 75 6 94 7 18 18 6 82 76 76 16 93 75 6 94 7 96 82 18 7 34 80 18 18 82 94 16 6 75 6 94 97 82 18 18 86 7 82 96
76 16 75 99 99 76 16 75 94 82 7 18 91 18 76 76 6 15 79 76 76 93 75 84 82 7 18 18 76 88 79 90 99 16 93 82 75 82 7 18 18 76 6 79 81 90 99 76 75 75 94 6 82 7 18 16 93 29 100
18 91 76 79 99 76 76 98 93 97 75 94 82 7 18 18 18 76 79 81 76 76 98 7 16 93 75 18 91 18 76 76 6 79 81 90 76 98 16 93 34 85 74 76 76 101 75 76
18 91 18 76 6 81 76 98 16 93 82 75 82 7 18 18 91 6 97 94 75
94 82 7 18 18 18 86 76 90 18 7 86 82 96 91 18 82
94 97 82 7 91 76 76 102 6 82 81 99 76 98 16 93 75 91 76 98 76 6 90 99 76 76 98 93 82 7 18 91 103 103 16 93 16 75 82 7 18 86 18 82 82
18 18 91 18 76 76 76 98 98 93 82 75 82 7 18 82 76 6 71 79 81 90 99 18 91 82 9 79 81 99 76 98 18 18 91 82 71 76 6 81 90 99 76 76 98 16 93 82 82 7 18 18 34 9 78 18 18 18 86 91 18 82 82 16
18 91 18 76 6 79 81 99 76 98 76 16 93 82 82 43 7 6 18 18 18 6 34 97 93 82 75
6 79 81 90 18 18 18 91 76 6 9 79 82 82 76 6 34 90 99 76 98 16 93 82 94 82 18 18 82 96 18 18 7 9 34 82 16 93 75 75
76 6 71 82 76 6 81 99 76 76 76 16 93 82 75 75 18 75 76 76 16 93 82 82 94 82
18 18 82 82 76 6 90 18 18 18 82 81 76 76 98 76 18 18 91 82 82 76 76 71 90
18 18 18 82 76 76 79 81 99 83 76 98 82 82 91 18 82 76 76 71 79 90 76 76 98 76 16 93 82 82 18 91 18 82 76 6 79 81 90 76 76 76 16 93 75 82 18 18 82 82 76 20 34 86 89 6 76 76 75 76 98 76 82 75 18 18 18 82 20 18 75 34 76 93 82 82 18 82 18 18 82 82 82 85 34 80 16 82 82 75
18 18 82 82 16 93 82 75 82 104 18 18 18 82 16 93
18 18 91 18 76 6 71 79 99 75 81 90 34 76 82 18 18 105 76 81 76 76 82 16 82 82 18 18 91 18 82 79 18 91 82 81 98 82 75 82 18 82 18 76 76 6 81 90 98 76 16 75
82 18 18 18 82 82 82 16 75 91 18 82 82 76 76 6 79 81 90 76 98 76 16 82 75 94 82 18 18 91 82 76 76 6 79 81 90 76 16 93 75 94 18 82 96 18 82 18 18 43 97 16 16 93 82 106 82 18 18
18 18 91 18 82 76 6 81 90 107 76 76 16 93 82 75 82 18 91 18 82 6 71 10 81 99 76 76 76 16 93 75 43 82 18 18 82 20 34 81 99 76 76 93 82 75 82 18 18 82 82 82 90 91 18 82 76 75 75 71 81 90 99 76 98 93 82 94 82 18 7 7 82 94 82 18 74 82 82 82
18 91 82 82 76 76 6 81 90 76 76 76 93 18 18 91 76 76 6 71 79 90 99 18 91 18 76 76 6 98 16 82 75 82 43 82 96 18 82 96 18 16 82 75 16 82
43 6 82 18 91 18 82 76 6 76 82 75 82 82 82 76 6 71 90 99 76 16 82 82 18 18 82 6 81 99 76 76 82 75 82 43 18 18 91 76 79 88 99 52 76 98 18 82 76 6 9 108 75 16 93 76 93 75 82 18 18 75 16 6 16 93 75 94 82 43 6 82 83 48 78 80 82 82 16 93 82 82 75
43 82 18 18 76 76 109 16 79 81 52 76 76 98 82 94 82 18 91 18 82 76 81 90 88 76 98 93 82 91 18 82 82 76 76 71 79 90 99 98 76 82 18 76 6 79 91 18 82 76 76 6 81 52 99 34 75 76 82 18 96 82 7 86 71 16 82 82 18 18 82 82 94 16 82
18 18 82 82 76 81 90 52 76 98 16 93 82 43 91 18 82 76 52 76 93 82 82 18 91 18 82 76 6 71 79 52 99 76 93 75 82 94 6 82 52 71 76 91 18 82 76 75 6 71 81 52 98 16 93 82 82 18 62 110 91 82 82 94 6 43 18 15 82 82 82 16
18 82 76 82 99 76 76 18 91 82 82 76 76 6 82 79 98 16 82 75 82 18 18 16 82 75 82 18 82 82 93
18 91 82 82 71 76 82 82 82 6 81 52 99 76 76 76 18 91 82 90 76 16 82 82 82 96 82 76 82 71 9 79 81 52 99 82 75 43 82 82 82 6 18 82 82 16 93 82
82 76 76 6 71 52 82 91 76 6 71 81 99 76 82 43 18 18 76 71 79 90 52 99 76 76 93 18 76 75 75 75 78 75 82 94 82 18 18 18 71 82 93 82 76 76 76 82 94 82 18 82 82 16 82 94 82 74 91 71 82 16 93 82 75
82 94 6 82 18 18 82 82 43 86 94 16 82 82 86 18 82 82 18 91 82 18 96 82 18 82 82 82 82 93 82 75 6 18 82 96 91 43 82 93 97 82
18 18 82 76 76 6 90 75 18 18 91 82 82 76 81 90 52 99 98 43 82 18 82 76 20 34 76 76 98 76 16 93 82 82 94 6 43 82 18 16 75 82 94 43 86 82 82 16 82
82 18 18 91 18 82 76 6 18 18 91 71 94 16 82 75 43 18 91 76 6 71 79 81 90 76 76 98 82 16 93 82 82 18 18 82 76 76 6 71 107 81 90 76 76 98 82 16 93 82 43 18 76 6 81 76 82 93 96 82 83 85 78 82 82 9 34 43 16 93 82 75 43 18 91 82 82 34 82 82 75
18 18 91 18 86 76 6 71 76 16 82 82 43 82 18 18 86 91 18 82 6 95 81 90 18 18 91 18 82 16 79 81 90 52 76 76 82 16 93 82 43 18 18 82 82 76 76 6 79 90 16 93 75 82 43 82 18 18 18 74 82 43 82
18 18 18 76 76 71 79 90 76 98 76 82 93 82 82 18 18 18 82 76 6 76 76 82 16 82 75 18 82 82 6 71 90 52 76 76 76 16 93 75 82 82 75
46 80 34 91 91 16 74 46 111 46 91 22 91 91 22 91 16 86 46 46 46 111 68 91 25 22 91 16
91 22 91 16 86 91 91 16 25 46 22 46 82 91 91 22 91 16 7 7 91 82 112 86 86 86 25 46 46 68 82 37 6 46 16 74 10 112 37 7 22 7 111 86 111 113 91 91 22 22 22 91 22 22 91 16 91 22 91 91 16 91
91 22 16 91 22 91 16 86 56 91 22 91 16 112 91 22 16 91 46 86 91 7 46 46 37 22 91 91 22 91 16 25 46 46 46
91 46 46 46 114 91 22 91 16 82 112 114 37 82 114 46 114 91 22 91 16 16 82 112 115 25 6 7 86 46 91 91 91 22 16 25 7 7 114 46 46 46 46 22 82 68 10 91 22 91 116 16 82 16 91 22 91 16 82 25 114
115 46 46 68 7 115 86 22 91 16 91 22 86 91 22 91 16 22 117 69 86 86 37 91 22 82 16 22 46 25 46 18 91 91 82 91 25 22 91 16 82 22 118 46 46
22 22 91 22 82 16 46 46 112 46 115 82 91 16 22 25 74 69 114 46 74 86 22 22 91 16 7 82 74 37 91 22 82 82 16 82 91 46 74 91 7 7 7 37 91 22 82 91 91 16 7 46 46 91 22 82 16 46 25 37 6 25 25 46 74 10 37 91 115 46 111
22 115 18 68 91 82 91 82 46 46 46 16 46 25 7 22 10 112 111 114 68 82 91 22 10 22 16 16 25 22 47 119 119 82 22 91 91 16 25 120 46 74 121 15 64 18 47 119 122 95 44 72 119 47 47 91 16 82 91 22 10 115 46 74 37 119 64 64 18 82 16 91 114
82 22 91 22 91 25 46 111 7 76 119 18 64 18 64 121 5 123 111 22 46 91 74 37 112 46 46 115 112 5 16 22 91 82 25 115 46 86 91 22 91 16 82 10
91 91 16 22 91 82 7 46 124 22 91 91 16 82 46 99 125 126 21 127 128 19 125 46 46 46 74 7 127 128 78 40 126 21 15 91 82 82 82 91 82 22 91 16 111 91 18 91 82 91 91 22 16 46 22 74 37
91 91 91 82 22 91 16 91 82 22 91 22 16 82 91 82 111 112 126 127 93 128 19 78 129 24 19 68 122 46 46 46 91 16 82 127 126 21 130 87 131 1 132 22 7 91 91 91 16 22 82 91 91 16 22 16 82 91 37
91 16 82 112 111 82 82 117 91 91 16 22 82 22 21 82 91 22 91 16 91 25 74 91 46 91 82 22 91 16 22 74 72 122
82 91 22 91 34 20 82 22 82 22
82 82 82 82 82 91 91 25 91 91 91 91 16 74 76 16
82 91 22 72 16 91 91 22 82 16 82 91 82 22 72 91 16 133 6 71 16 82 22 91 72 91 112 96 25 74 82 91 22 91 74 91 122 46 46 46 46 7 113 82 22 72 16 25 46 46 46 46 96 18 112 82 91 82 72 91 46 46 46 46 74
82 82 127 126 130 72 91 82 22 91 16 25 22 111 82 82 16 72 25 46 114 113 96 111 112 18 111 82 16 22 122 22 91 91 16 46 82 72 91 91 91 25 114 56 111 65 44 9 82 72 91 16 91 22 46 114 25 112 91
111 113 134 96 6 82 82 82 72 72 7 82 96 82 82 72 22 22 91 91 22 46 134 82 72 91 22 25 16 16 25 46 91 74 46 46 82 72 91 22 46
72 82 91 22 91 91 25 16 46 134 18 113 91 22 16 134 46 72 82 22 91 16 134 22 22
91 16 91 82 22 7 74 91 91 22 7
72 91 16 72 91 16 82 91 72 16 91 22 134 82 72 22 91
72 91 82 16 46 46 113 115 91 91 22 72 46 46 16 91 91 74 96 82 91 91 46 46
72 82 91 22 16 134 7 46 46 22 82 72 91 134
72 82 16 22 46 22 22 16 91 134 7 74 82 72 72 91 91 46 25 112 22 7 74
72 82 22 16 91 74 74 134 72 91 82 22 16 74
91 91 134 134 46 72 91 74 96 7 134 72 82 91 91 22 74 96 46 72 91 74 91 82 22 91 25 96 74 91 22 82 22 16 134 7 121 74 46 91 22 16 53 91 134 72 91 22 91 74 91
46 91 82 72 46 91 82 22 91 16 82 46 96 74 6 82 134 72 91 16 46 46 91 74 96 74 7 112 134 91 82 22 91 22 46 74
134 72 91 82 22 91 96 74 7 46 134 72 91 82 46 91 111 82 22 16 134 72 91 82 22 91 16 134 82 22 74 53 122 114 46 134 91 82 91 72
72 82 22 22 16 74 7 46 134 91 82 46 6 111 82 91 16 91 74 46 82 91 91 22 96 46 134 82
91 74 74 114 91 7 134 91 82 72 22 91 16 53 74 74 18 46 134 72 91 82 91 16 22 46 74 91 74 7 7 46 91 16 111 91 46 46 46 72 16 91 53 74 96 134 91 82 91 72 91 74 96 74 46 114 6 46 111 74 86 76 72 82 91 46 22 72 25 74 22
134 82 91 16 22 96 74 91 74 72 72 46 111 46 22 91 91 72 82 91 16 22 46 46 86 135 136 16 46 96 22 46 46 91 72 82 22 46 22 136 91 74 96 74 86 134 82 46 46 136 22 74 111 46
134 72 82 91 91 46 22 114 72 86 74 46 91 72 16 46 22 96 74 74 46 86 7 82 72 91 16 86 136 18 46 136 22 91 91 72 82 22 18 46 74 74 46 72 91 91 7 91 46 72 91 74 46 114 122 46 72 82 91 46 96 74 72 86 46 114 25 7 134 91 91 91 16 16 136 91 74 22 86
134 82 46 46 46 82 91 25 74 96 114 111 46 136 96 16 91 91 134 134 91 74 91 134 72 91 74 46 136 96 74 74 74 72 82 46 74 91 16 22 74 91 91 22 134 74 74 16 96 91 136 46
16 72 46 46 18 72 91 82 91 16 136 46 114 134 134 72 82 96 46 46 91 134 91 46 91 46 74 136 96 18 137 138 22 16 46 111 91 16 82 91 96 91 111 74 76 91 91 134 16 136 74 96 74 91
91 91 16 82 134 46 136 96 91 46 74 22 136 136 134 74 22 46 111 46 74 7 134 82 16 74 25 91 16 22 16 114 91 96
46 111 72 46 46 134 72 91 96 34 111 91 134 72 136 91 16 46 46 46 46 22 46 91 91 82 91 16 136 22 34 91 134 72 46 74 22 34 74 136 46 74 91 82 134 91 18 96
91 134 91 74 96 34 96 74 68 72 91 29 89 74 22 34 74 82 91 134 72 82 91 74 34 74 134 82 16 22 91 82 22 22 34 46 96 74 136 22 46
74 46 72 96 134 91 74 46 22 91 74 82 72 91 74 74 134 82 91 16 46 74 111 91 91 22 82
96 46 136 46 34 96 74 22 46 74 74 16 91 82 22 46 74 46 16 91 82 22 34 46 46 96 91 74 91 96 96 91
91 72 136 91 16 82 91 72 91 82 74 91 82 72 134 16 91 72 91 16 134 82 46 46 46 114 91 16 91 22 16 46 46 74 96 16 134
16 134 22 111 34 46 74 91 16 91 25 16 91 91 134 134 22 72 91 16 72 22 21 91 91 72 22 91
16 46 72 139 91 91 91 111 91 74 134 16 16
18 140 21 9 32 22 16 141 133 93 142 35 143 91 24 55 71 144 65 141 145 1 50 24 146 1 93 147 43 148 82 16 14 12 129 8 34 141 23 82 88 23 129 149 150 91 151 8 6 152 153 8 6
43 147 82 18 9 16 104 19 21 132 21 35 132 8 6 16 59 26 51 23 154 56 99 155 13 99 21 112 78 78 156 23 43 148 21 19 132 22 15 8 8 8 150 1 47 51 62 24 88 24 157 8 64 1 144 40 121 23 108 76 21 19 104 8 141 155 158 141 99 16 88 159 1 78 12 89 141 24 127 74 93 159 141 132 68 24 160
43 148 147 82 148 147 112 161 91 162 9 163 164 164 9 24 26 8
19 104 9 16 165 86 43 82 148 147 43 147 21 19 104 9 32 15 19 1 60 43 148 82 82 166 35 10 74 74 18 147 43 59 9 26 93 128 167 68 141 60 47 168 99 132 19 6 169 170
43 82 147 148 171 43 148 82 74 34 69 9 112 148 147 82 43 112 18 91 148 43 147 82 21 19 104 132 32 148 147 43 80
43 147 82 148 15 22 69 86 148 43 147 80 112 82 74 76 8 76 172 26 141 101 9 22 164 173 24 82 24 82 99 40 24 18 34 32 22 15 23 47 155 6 159 40 174 86 14 51 175 154 23
43 148 147 82 43 148 147 80 21 19 8 176 177 19 159 60 100 141 82 160 132 132 26 47 8 126 178 82 9 43 148 147 82 21 19 9 104 65 142 179 180 181 23 150 55 132 24 24 8 9 12
43 148 82 82 43 148 82 82 104 32 15 164 133 182 35 8 21 27 143 43 1 119 143 50 173 1 164 6 43 148 147 80 132 183 6 95 184 21 19 104 9 176 52 8
43 148 147 82 1 185 6 12 14 168 86 8 132 6 27 132 24 186 150 26 48 187 12 132 32 143 1
19 21 104 164 173 6 40 82 188 27 189 125 22 32 15 164 141 84 169 19
43 147 112 76 112 96 80 148 82 82 74
82 74 148 96 9 82 17 8 40 93 8 82 43 1
12 133 95 24 190 88 79 191 132 35 93 111 48 183 12 26 192 80 21 19 104 21 173 164 6 19 164 6 119 127 15 147 82 148 43 16 111 21 193 16 148 43 82 112 34 26 6 76 181 23 179 194 68 195 76 43 18 86 22
103 16 26 19 133 9 26 133 148 74 80 62 62 43 147 44 101 26 24 6 16 94 74 21 1 48 58 26 148 147 82 82 164 164 6 1 24 55 119 196 64 197 198 88 132 40 19 21 9 24 19 199 200 79 62 82 18 24
43 74 148 80 62 82 156 161 80 201 62 96 67
148 147 74 62 189 1 202 12 179 26 132 183 132 1 154 24 136 203 82 12 45 204 138 205 1 206 40 119 23 207 24 88 19 164 148 43 91 112 82 104 9 24 22 22 164 153 1 50
9 82 7 34 112 7 6 71 16 208
21 9 22 15 183 40 148 80 161 44 21 104 8 52 176 24 23 19 48 209 210 24 132 50 147 148 161 44 15 8 145 12 48
32 15 8 1 60 26 21 141 99 16 44 26
156 156 109 112 91 32 143 10 32 9 211 82 76 104 19 9 180 181 26 6 60 44 40 43 212 22 15 141 79 213 26 34 214 65 43 19 34 43 80 82 148
215 132 132 147 148 43 112 161 91 43 148 80 22 15 6 216 26 209 143 1 150 136 91 74 148 147 80 74 62 19 104 32 1 1 26 34 217 26 156 8 203 45 12 83 218 203 204 47 154 32 15 8 29 34 12 16 179 180 219 154
43 80 148 82 67 171 220 156 34 18 16 22 40 207 197 12 26 93 104 19 21 171 156 12 148 62 22 19 43 196 202 89 103 221 6 8 40 16 22 38 6 222 9 161 147 148 34 43 144 223 6 141 8 21 132 27 96 132 80 8 107 133 150 132
21 25 132 43 82 80 147 43 67 171 80 103 9 15 112 43 43 148 82 104 19 222 24 38 50 15 24 19 21 8 154 9 40 101 91 112 74 43 82 80 179 181 224 143 43 82 44 15 104 44 220
80 62 147 112 15 156 47 78 225 46 34 141 133 38 44 19 34 143 226 178 152 21 220 19 172 169 172 141 60 227 62 26 178 176 35 12 99 132 88 190 52 22 15 24 150 132 19 148 74
43 148 82 71 80 82 19 8 40 40 228 62 34 16 91 82 74 62 19 229 164 21 8 1 142 26 203 9 80 44 15 101 88 78 19 16 230 62 44 218 24 101 19 9 179 12 149 219 141 154 82 74 96 86 19 7
22 1 1 27 133 231 16 24 80 60 15 6 24 219 127 16 78 232 15 15 44 169 229 29 8 26 65 89 148 34 9 12 129 173 156 78 161 71
86 43 24 44 8 19 43 104 22 89 34 233 5 24 21 35 234 8
43 82 148 9 148 82 161 148 80 161 93 26 40 40 52 7 8 60 218 82 43 80 74 15 44 22 169 168 101 12 129 99 26 8 183 178 67 21 8 235 84
148 82 82 74 62 91 147 43 21 19 104 22 15 229 8 29 9 51 101 80 86 104 44 86 93 156 201 236 132 16 219 12 156 147 19 164 6 6 40 6 19 132 149 1 51 12 22 15 141 35 96 26 24 183 60 101 177 23 51 82 82 62 148 161
43 82 148 15 85 44 96 21 104 47 1 8 141 178 183 60 26 134 237 12 80 86 74 43 148 82 24 104 82 82 16 60
148 147 74 43 148 82 82 80 238 156 83 156 43 22 183 141 166 216 148 82 82
76 76 239 240 6 76 59 76 18 76 76 91 82 96 34 18 241 241 76 76 8 208 8 6 89 21 19 156 19 40 21 37 242 40 243 76 76 44 34 69 241 43 52 241
241 76 76 76 76 76 76 76 76 76 76 76 76 76 244 51 118 82 71 245 82 12 246 141 48 12 43 55 88 35 78 121 76 76 76 76 76 76 34 44 44 43 241 71 44 82 132 93 34 76 43 34 89 76 241 12 88 9 208 8 194 247 19 76 82 96 22 132 93 241 86 76 76 76 76 76 76 76 76 76 76 86 43 76 89 248 93 96 76 76 6 65 219 249 208 149 44 76 76 76 241 83 241 43 89 241 22 19 93 76 76 76 76 59 98 76 76 76 76 76 82 132 93 89 43 241 19 19 43 78 241 76
241 21 76 44 69 76 6 89 37 76 76 76 76 76 76 76 76 76 76 76 76 189 36 36 36 250 44 251 92 76 252 76 241 76 76 76 76 6 76 76 76 76 76 76 76 76 76 76 37 242 40 37 76 76 76 76 76 76 43 241 76 250 92 44 76 43 241 71 93 82 132 241 76 76 76 76 76 76 76 76 76 76 76 76 76 76 76 21 76 76 76 6 240 25 6 76 25 76 76 76 241 241 10 86 43
241 96 34 76 76 76 76 76 76 76 76 76 21 76 76 98 76 76 76 76 76 76 251 76 36 92 44 82 250 36 76 76 76 76 76 241 76 76 59 59 98 76 76 82 1 76 76 241 76 76 76 76 76 76 76 76 76 76 76 76 76 76 76 76 76 76 76 76 76 76 36 92 76 76 241 76 76 21 76 76 76 76 76 76 76 76 76 76 76 76 36 44 76 76 76 76 76 36 44 76 250 36 76 76 36 36 76 76 76 76 76 43 241 241 76 76 76 76 76 76 76 76 76 76 76 76 76 76 76 76 76 76 36 1 76 76 59 98 76 76 76 76 44 21
241 43 76 76 76 76 76 76 76 76 76 76 76 76 250 251 36 76 76 76 76 76 76 76 76 76 43 241 241 76 21 76 76 241 76 76 76 76 21 76 76 76 44 9 33 9 36 92 25 1 44 37 76 76 76 21 76 76 76 76 76 76 76 76 76 76 76 36 44 36 76 76 76 76 59 59 98 76 43 16 241 76 76 76 76 76 76 76 76 76 76 36 44 36 253 253 253 34 44 44 9 88 48 235 44 76 76 76
76 76 25 76 76 25 9 9 76 9 44 241 76 59 98 76 243 76 76 86 43 43 76 76 76 76 98 59 76 76 76 76 36 36 76 76 76 76 76 76 59 98 76 76 241 76 76 76 76 76 21 76 76 76 76 36 9 44 36 76 78 76 76 241 241 76 76 59 98 76 76 76 76 76 76 76 76 76 76 76 76 76 76 76 76 241 241 76 98 76 76 76 1 36 76 76 76 76 76 76 76 76 98 59 76 76 241 96 241
241 76 76 76 76 59 98 76 76 76 76 76 76 76 76 76 76 78 76 98 76 241 76 76 76 98 76 76 76 76 76 76 76 76 76 76 78 76 76 78 76 37 37 37 76 76 59 43 241 76 76 59 76 76 76 21 76 76 76 76 36 44 36 76 76 76 76 76 76 241 76 76 59 98 76 76 76 76 76 76 76 21 76 76 76 76 36 44 241 76 76 76 98 76 76 76 76 76 76 76 76 36 44 76 76 76 76 98 96 76 76 76 98 76 76 76 76 76 253 253
241 76 76 98 76 76 76 76 76 76 76 6 6 22 88 37 76 76 76 76 76 76 76 76 76 59 98 76 76 86 10 76 76 76 76 76 37 21 242 88 76 44 76 36 76 98 241 76 76 76 98 76 76 76 21 76 76 44 36 9 76 76 76 241 76 76 76 76 76 76 76 76 241 76 76 76 76 76 254 76 76 76 241
241 76 76 76 98 76 76 76 76 76 21 76 44 76 76 76 44 36 253 253 253 253 255 1 76 76 76 76 76 76 76 76 241 241 76 76 76 59 98 76 76 76 76 76 76 76 76 44 76 36 76 76 76 76 7 76 239 76 6 76 76 76 76 76 76 76 76 76 44 76 241 76 76 76 76 76 76 76 36 44 76 44 44 253 36 1 76 76 76 76 44 44 139 12 16 140 157 76 44 6 256 257 76 76 44 76 258
76 156 76 76 76 76 76 76 76 76 76 37 8 140 76 76 76 98 59 76 76 76 36 44 19 76 76 76 76 76 76 76 36 76 76 76 76 21 19 19 26 35 60 88 132 172 217 141 35 21 26 76 98 76 76 76 44 9 36 76 76 76 76 19 76 76 76 59 76 241 241 86 44 10 76 76 96 34 76 76 76 76 124 76 76 76 76 241 76 76 76 76 98 76 76 98 59 76 76 76 76 76 36 44 1 48 36 36 253 76 76 76 241
241 76 76 98 76 76 76 76 76 76 21 21 44 76 76 76 44 36 76 76 76 76 241 76 98 76 76 76 239 15 76 76 76 59 76 76 76 76 76 241 241 76 76 98 76 76 76 76 76 76 76 76 76 44 36 9 1 44 76 44 133 76 76 37 241 76 76 59 98 76 76 76 6 197 6 76 76 259 76 210 76 76 76 241 241 76 76 76 76 76 76 76 76 76 76 44 253 1 253 36 59 76
241 76 76 76 76 76 76 76 76 76 36 253 253 76 76 76 6 19 241 76 76 76 76
241 76 76 76 76 76 76 98 76 76 241 241 34 76 76 76 76 76 76 76 76 76 44 36 36 36 44 76 76 76 76 76 76 76 76 76 241
241 76 76 76 76 76 76 76 76 76 98 76 76 76 257 76 6 44 76 76 76 76 76 103 21 76 76 76 76 76 76 76 76 36 76 76 76 76 44 36 76 76 241 76 98 76 76 76 76 76 76 76 253 36 98 37 8 241 76 76 76 76 76 76 44 9 76 241 241 76 76 76 76 76 76 44 9 253 36 76 76 76 76 76 76 76 241 76 76 76 76 76 76 76 36 44 76
241 76 98 59 76 76 25 6 239 78 103 76 98 76 76 260 76 78 171 19 44 76 253 36 76 76 76 76 253 253 36 76 76 76 76 76 241 76 76 76 197 257 9 78 6 6 6 37 241 76 76 44 36 171 76 76 76 44 253
241 6 76 76 44 9 253 36 76 76 241 44 36 253 76 76 76 78 44 253 1 255 255 48 1 253 36 9 171 78 78 103 76 241 76 76 76 76 76 44 253
241 76 76 76 76 76 76 76 76 76 36 44 253 36 76 37 241 241 76 76 76 76 44 36 1 76 76 76 76 76 76 76 44 241 76 76 76 76 76 76 36 76 76 76 44
241 76 76 76 76 241 76 76 76 253 44 76 76 76 241
241 76 12 98 76 15 76 76 36 76 76 44 9 253 76 241 76 220 76 76 76 76 76 44 9 1 36 253 76
220 78 76 76 44 36 1 241 241 76 78 78 44 9 36 88 189 76 76 78 76 44 9 16 22 76 76 76 25 76 241 76 76 36 33 9 76 241 76 76 76 44 33 36 76 76 76
88 76 76 76 76 22 22 76 78 44 36 76 241 76 76 44
36 44 76 76 76 59 76 44 156 241 76 76 98 36 44 253 98 76 76 9 241 22
98 44 76 82 36 241 76 76 44 36 132 253 241 76 36 26 1 76 220 103 76 60 78 44 241 76 76 98 76 12 76 36 44 9 103 241 10 103 76 76 76 241 76
241 44 15 78 133 241 76 22 44 241 25
241 103 44 139 6 173 173 173 173 173 9 9 260 131 29 44 241 261 82 29 169 260 76 241
89 44 89 1 76 241 76 44 9 9 262 22 241 262 109 241 241
241 88 15 76 76 44 89 76 44 76 44 19 76 76 44 241 76 76 76 76 241
9 241 89 12 44 76 89 89 44 89 44 44 44 76 89 19 142 21 152 76 76 76 89 12 44
44 89 76 241 22 76 59 98 76 76 241 96 89 44 44 89 76 76 44 89 142 44 76 76 260 78 103 76 89 89 34 44
76 241 44 241 241 44 76 44 6 241 44 76 76 89 89 34 44 76 260 44 76 89 89 241 44 76 44
44 76 22 44 44 76 76 241 50 241 9 76 76 76 44 34 44 89 76 241 76 76 89 89 44 89 76 241
241 76 76 89 89 96 241 34 89 44 44 241 76
89 241 89 52 44 89 76 76 89 89
78 22 241 34 76 76 78 76 241 76 89 89 34 21 241 22 76 89 263 76 9 76 44 76 44
34 44 95 76 76 43 241 9 76 34 76
91 89 44 34 76 89 34 44 76 89 76 76 9 31 16 241 76 44 9 43 241 83 241
168 264 21 82 56 9 162 265 71 266 86 12 184 236 26 161 6 35 18 6 34 179
46 21 117 230 21 26 264 111 154 44 21 88 119 132 131 144 12 34 6 86 12 39 267
210 91 86 265 162 21 56 230 117 91 268 269 143 132 184 95 12 16 132 119 132 132 13 131 162 34
270 56 83 230 88 55 21 88 16 132 271 153 82 9 162 269 132 27 118 26
21 56 21 112 12 168 111 13 88 132 162 157 21 16 183 129 34 94 8 93 24 40 34
21 60 88 21 95 26 23 21 78 56 189 21 95 117 216 26 9 24 265 161 188 88 16 153 23 94 62
21 47 91 21 1 56 34 9 78 34 145
210 21 95 56 21 21 117 230 272 143 132 175 119 143 94 212 212 86
21 56 16 21 82 117 56 132 132 21 273 93 4 132 119 119 16 131 170 94 140 79 13
94 183 56 55 21 95 153 190 82 21 95 235 132 94 21 186 18 18 18
95 95 21 16 91 91 21 95 162 43 111 227
21 86 274 56 157 95 18 132 16 132 27 47 4 91 21 274 178 265 83
34 34 21 82 117 56 13 178 18 16 71 21 275 141 132 26 132 227 21 12 18 44 62 86
21 88 95 56 86 21 95 274 56 86 21 189 83
21 234 6 132 88 16 51 119 24 34
9 13 21 47 132 276 277 71 162 6 143 132 94 86 62
21 82 18 56 278 12 279 21 175 274 56 71 186 51 18 93 266 94 65 86 136 85 108
21 140 9 65 70 280 70 162 281 132 119 175 94 212 65 65 9 280 16 83 162 265 65 47
95 21 282 283 21 189 43 21 82 26 265 21 274 34 34
21 93 56 91 38 105 78 21 178 101 21 112 43 150 132 121
284 35 18 128 212 16 183 71 283 132 132 175
70 56 285 145 286 95 9 82 70 24 78 34 286 103
21 186 21 95 136 86 187 21 273 55 70 89 89 6 86 74
21 40 71 93 101 88 162 38 71 21 274 56 55 21 121 71 47 94 265 82 136 266 132 9 287 51 143 132 133
86 21 82 56 46 21 70 70 16 88 21 24 51 8 162 265
70 74 55 9 34 21 162 83 274 174 18 210
18 62 62 162 24 132 18 86 162 34
12 18 71 55 18 211 129 162 168 21 91 21 89 8 26 159 48 43 1 18 74
21 272 56 186 93 18 18 21 274 211 211 82 70 27 132 143 279 6 21 126 19 18 119 271 189 12 48
34 6 288 34 55 289 18 27 16 71 34 9
16 18 21 82 290 40 149 34 56 9 291 18 88 168 99 292
70 1 8 8 70 8 210 8 210 293 143 64 64 5 8 8 210 143
8 210 70 8 210 70 1 8 1 8 8 70 5 8 210 1 64 64 5 8 8 210 293 143 5 8 210 293
8 210 70 8 210 70 1 8 210 70 5 8 8 70 1 64 5 8 8 210 70 64 64 5 8 8 210 143 64 64 5 8 8 210 143 64 64
8 8 70 1 8 8 210 70 1 8 70 1 5 8 8 8 70 1 64 64 5 8 210 143 64 64 5 8 8
70 8 8 210 1 5 8 8 210 70 1 64 64 5 8 210 64 293 143 64
8 8 210 70 8 210 70 1 8 8 210 70 1 70 1 64 64 5 8 8 210 70 1 64 64 5 8 8 210 293 64 64 5 8 8 143 64 64
8 8 210 70 1 8 8 210 70 8 8 210 70 1 5 8 8 210 70 8 210 1 64 64 5 8 8 210 293
8 210 70 8 8 210 1 5 8 8 210 70 1 64 64 8 143 64 64 5 8 8 210 293 143 64 64
8 8 210 70 1 8 8 210 1 8 210 70 8 210 70 143 64 64 8 8 210 143 64
1 8 8 8 70 1 5 8 210 70 1 64 8 70 1 64 64 5 8 210 293 64 64 5 8 8 210 64
8 8 210 1 8 210 70 1 8 8 210 70 1 5 8 8 143 64 64 5 8 8 293
8 210 70 8 8 8 210 70 1 5 8 8 210 70 1 64 64 8 210 1 64 8 8 210 143 64 64 8 8 210 293 143 64
8 8 210 70 8 8 210 70 1 5 8 8 210 64 5 8 8 210 70 1 64 5 8 64 64
8 8 70 8 8 210 70 1 8 210 1 8 64 143 8 210
1 1 64 64 8 8 210 143 64 5 8 8 210 293 64
8 8 70 1 5 64 8 70 64 64 8 8 210 293 64 5 8 8 143 64
1 8 8 210 70 1 210 64 1 64 8 210 293 143 64 64 5 8 210 293 64 64
210 70 64 64 5 8 210 143 64 5
8 70 1 5 8 8 70 1 64 64 8 8
8 210 8 8 210 70 8 210 70 1 8 8 70 1 5 8 8 210 210 64 64 8 210 293 64 8 293 64 64
8 8 8 70 8 8 210 70 1 5 8 1 8
210 1 210 1 8 210 1 64 143 64 8 8 293 143
8 70 1 8 210 1 64 5 8 210 64 64 5 8 143 64 64 5 8
8 70 8 210 1 8 5 8 210 1 64 5 8 8 70 8 210 293 143 64 8 8 210 143 64 64
8 70 1 210 70 1 70 1 5 8 64 64 210 5 8
8 1 8 1 5 8 8 64 64 5 8 70 1 64 64 5 8 143 8 8 210 293 143 64
8 1 8 8 1 5 8 210 70 8 64 64 5 8 8 293 143 8 293 143 64 64
8 8 70 1 8 210 70 1 1 70 1 64 5 8 293 143 5 8
8 1 8 70 210 5 70 1 64 210 1 5 8 8 143 8 64
8 8 210 1 8 8 70 8 8 70 1 210 64 64 64 5 8 8 8 293 64
8 70 210 1 5 64 64 5 8 8
8 8 210 1 64 64 5 8 8 1 8 210 293 64 8 8 210 143 64 64
8 70 8 70 210 70 1 5 8 8 1 8 1 64 5 8 210 64 5 8 210 293
210 70 1 8 210 70 70 1 5 8 8 70 1 64 5 8 293 143 64 64
8 8 210 70 210 1 8 210 5 8
89 43 21 294 89 43 294 259 89 43 21 294 15 89 21 294 9 9 15 259 43 21 15 116 8 132 259 43 294 15
89 43 21 9 9 15 259 89 43 21 294 9 9 15 259 89 43 21 9 9 15 259 89 43 21 294 15 259 89
259 89 43 21 9 9 15 259 89 43 21 9 9 15 259 89 43 21 294 9 9 15 259 89 43 21 9 9 15 259 21 294 15 143 89 43 294 15
259 89 43 21 294 9 9 15 259 89 43 21 294 9 9 15 259 43 21 294 9 43 21 9 15 89 43 21 294
259 89 43 21 294 9 15 259 89 43 21 9 9 15 259 89 43 9 15 259 89
259 43 9 15 259 89 43 21 9 15 259 89 43 9 9 15 43 21 9 259 89 43
4 259 89 21 9 9 15 259 21 9 9 21 15 89 43 15 259 89
43 21 9 9 15 259 89 15 259 89 43 15 8 43 21 8
89 43 21 143 9 9 8 43 21 143
89 43 21 8 43 21 143 9 9 8 89 43 21 143 9 9 8 89 43 9 89 43 9 9 8 143 89 43 21 143 8 43 21 143
89 43 21 143 9 9 8 89 43 21 143 9 9 8 43 143 9 9 89 43 21 143 9 9 8 89 21 143 8
43 143 9 9 8 43 143 9 21 9 9 8
43 21 143 9 21 143 8 89 43 143 8 124
89 21 143 43 21 143 9 9 8 89 21 8 43 143 8
9 9 8 89 43 21 143 9 8 89 43 21 143 9 8 89 21 143 9 43 143 21 8
9 43 9 89 43 21 9 9 89 43 21 143
89 43 143 9 43 143 9 8 295 9 9
89 43 21 9 9 89 43 143 8 89 43 21 9 9
89 43 143 8 9 8 21 9 8 143 8 89 43 21 9 9 8 143 43 21 8 43
89 21 143 9 43 21 143 9 62 21 9 9 8
43 21 143 89 9 8 89 43 21 89 21 9 8 143 8
43 21 143 21 143 9 89 21 9 8 89 143
89 21 143 9 8 43 9 8 143 9 8 43 21 143 9 143 9 9 8 89 21 143 89 21 143
21 143 9 8 89 21 9 8 43 8 89 21 8 43
89 43 21 143 89 43 9 8 89 43 21 143 9 8 9 8 43 143 9 8 89 21 143 21 143
89 43 21 9 43 21 9 43 9 8 89 43 143 9 89 143 89 8
89 9 8 43 9 43 143 9 8 89 43 9 8 143 8 43
43 143 89 43 8 8 43 143 8 43 8 143
89 143 9 43 9 8 43 143 9 89 143 8 43 8
89 9 8 89 43 143 9 8 89 143 8 143 8 8 89 143 8
12 19 76 76 18 12 19 19 12 9 15 76 76 18 19 12 12 19 76 12 19
76 18 76 76 9 71 76 76 296 12 19 19 12 76 18 18 76 12 19 12 76 19 12
76 76 296 76 76 88 12 19 19 12 12 19 19 12 76 76 19 12 76 18
296 76 19 12 9 76 76 18 19 12 76 12 19 19 12 76 76 19
19 12 76 296 10 86 18 76 18 76 19 12 12 19 19 12 76 76 18 19 12 76 18 76 12 19 6
19 12 196 19 12 76 296 76 19 12 6 9 76 76 18 76 296 76 18
12 19 91 6 6 19 12 76 18 165 76 76 296 56 76 12 19 15 76 76 12 19 19 12 6 76 76 6
6 19 12 76 76 18 76 12 19 12 76 18 82 76 71 19 12 76 76 82 297 298 18 82 12 19 19 12 6 76 76 82 18 91
19 6 12 76 82 18 12 6 19 12 76 82 18 67 76 76 6 19 76 76 82 18 12 6 19 12 76 76 82 15 6 19 12 76 76
6 19 76 82 18 10 71 6 9 19 12 76 76 82 18 91 12 76 19 18 76 12 19
6 19 76 82 18 76 12 19 12 19
76 82 18 76 76 12 6 19 19 12 6 76 76 86 82 18
12 76 12 6 76 82 18 165 67 76 15 9 12 19 76 82 18 6 19 12 76 19 6 9
19 12 76 82 19 12 67 76 12 12 76 76 19 12 76 19 12 76 76 76 76
18 82 76 19 19 12 34 7 82 12 76 34 297 143 82 76 76 12
19 12 76 82 76 12 19 12 76 76 82
76 82 18 88 12 19 19 12 76 240 299 76 18
12 76 19 12 76 76 82 18 296 76 76 76 76 76 19 12 76 76 76 76 82 76 12
76 18 105 19 12 76 76 76 12 19 12 76 76 18 82 76 19
19 12 76 82 19 76 76 82 12 243 76 12 19 76
44 76 76 76 91 76 19 76 76 76 76 76 82 76 67
296 19 12 76 76 76 76 76 12 76 76 76 74 67 76
19 76 82 296 76 76 76 82 76 19 12 76 82 76 296 26 12 19 76 82 12 183 12 76 76 76
76 76 76 76 76 76 18 12 19 18 82 76 76 76 12 19
18 82 76 76 76 19 76 296 12 19 76 76 18 12 19 12 76 82 18 296 62 82 146 82 18
76 76 74 82 76 19 19 12 76 76 76 82 76 19 12 76 76 82 18 19 76 76 19 18 82 10 67 76 76 12
76 82 76 12 76 67 12 76 76 19 76 76 18 76 12 12 82 18 76 19
12 19 76 9 76 76 82 76 19 76 76 19 12 76
82 18 76 19 82 76 19 76 119 18 82 76 19 18
19 12 76 76 18 9 243 12 12 19 76 82 34 19 12 76 76 76 18 76 243 12 19 76 82 18 12 19 76 76 91 82 76 19 76 161 16
19 12 76 76 76 76 74 18 12 76 18 76 243 12 76 76 82 76 243 296 88 12 91 82 76
19 76 243 296 88 12 19 19 12 76 76 6 76 76 82 76 243 12 19 12
21 18 240 175 132 95 18 21 21 5
21 10 143 16 157 119 76 18 1 132 18 208 132 18 21 300 26 18 21 189 21 18 67 260 18 300 132 246 153 132 132 18
15 21 67 18 21 40 18 132 21 32 21 18 88 175 18 44 18 18 21 44 21 301 67 71 6 132 88 18 18
18 21 22 21 18 18 156 21 14 18 6 18 21 22 18 67 300 16 132 132 18 300 246 132
156 21 18 132 18 31 42 210 18 132
21 43 15 18 21 10 71 21 18 18 21 40 76 124 302 38 303 18 21 86 21 22
303 18 18 21 189 21 18 21 94 21 86 18 5 132 18 18 15 69 21 21 171 18 22
21 18 132 304 18 20 15 10 71 21 18 43 18 18 15 21 168 18 76 132 4 132 44 43 43 18 132 18 1 171 136 6 1 132 40
18 12 18 18 43 18 132 18 21 38 40 15 18 18 186 132 18 21 21 18 4 26 16 18
21 21 132 18 21 21 65 18 132 153 18 21 10 21 132 112 1 18 216 47 1 18 35 18 132
112 18 21 40 18 132 18 21 18 21 10 171 132 22 21 18 305 136 1 6 6 132 48 18
132 35 6 18 6 18 5 13 132 6
19 1 21 18 18 21 24 21 18 300 27 59 18 18 10 18 171 246 132 132 18 18 18 15 59
18 21 136 43 132 6 21 86 21 18 21 86 21 153 51 18 29
18 22 21 21 156 21 1 21 7 142 155 217 136 18 21 226
21 208 86 18 56 18 132 18 18 281 18
18 21 21 21 18 21 306 156 307 156 18 300 157 278 112 6 132
156 68 6 208 281 132 21 22 12 46 22 21 18 278 164 132 47 18 132 132
303 19 19 21 65 18 18 76 16 4 143 143
18 21 21 22 18 246 18 18 132 303 21 95 18 132 112 18
21 15 18 15 21 132 6 21 10 24 21
20 18 32 136 18 32 171 96 210 18 26 22 43 132 21 18 132 132 18 132
18 21 10 43 21 10 32 44 61 18 162 26 18 21 21 32 43 121 18 76 6 293 291 237 18
18 303 21 1 21 132 21 18 43 18 308 80
22 15 169 18 18 299 18 10 132 18 21 43 82 22 18
71 18 18 10 71 22 78 308 18 6 18 9 132 132 18 91 164 132 18 132
43 21 18 1 21 32 43 306 18 21 10 43 21 18 18 18 40
21 18 156 8 89 156 18 21 38 1 132 18 18 21 6 173 156 18 18
18 21 18 26 21 136 136 1 254 94 18 43 21 18 18
82 88 136 18 132 32 132 82 18 86 162
43 68 132 18 21 14 132 6 18 18
15 22 309 51 302 21 20 86 18 21
15 21 43 234 21 132 21 35 1 308 15
21 88 136 15 246 19 99 19 18 21 136 18 132 171 15 12 52 4 164 18 18 18