18 21 6 (41) [1 2 3 5 6 7 9 13 14 18 19 25 27 29 30 31 32 34 36 39 41 123 124 126 135 136 144 154 190 218 320 321 325 328 331 334 335 338 340 345 348]
82 16 18 6 91 93 75 81 90 76 (18) [55 56 57 60 61 63 66 69 70 71 72 73 74 76 77 79 80 81]
9 8 21 (58) [1 2 3 5 6 8 9 10 12 13 14 15 16 18 19 22 25 27 30 32 33 34 35 36 37 39 40 41 123 124 129 130 140 144 145 147 150 151 163 167 256 263 264 265 266 267 268 269 270 273 274 275 276 277 278 279 280 281]
82 16 22 91 74 46 (25) [84 88 89 90 91 93 96 98 102 104 106 107 108 109 110 111 112 113 114 115 116 117 118 119 120]
1 76 44 241 36 (11) [157 158 159 162 163 164 169 170 172 173 176]
1 82 43 74 26 24 148 (6) [124 136 138 147 151 152]
18 1 21 (35) [1 2 3 5 6 7 9 12 13 14 17 18 19 25 27 29 30 31 32 33 36 39 123 126 217 319 325 327 328 330 332 341 344 345 346]
82 76 19 12 (25) [124 135 155 293 294 295 296 297 298 299 300 301 302 303 304 305 308 309 310 311 312 313 315 316 317]
43 16 34 (14) [30 54 62 70 73 79 80 123 135 143 144 147 158 189]
18 7 6 76 75 81 (20) [43 44 45 46 48 49 50 51 52 53 55 56 57 58 60 61 62 63 70 73]
